820.0
820.0
820.0
820.0
820.0
820.0
820.0
820.0
820.0
820.0
820.0
820.0
820.0
820.0
820.0
820.0
820.0
820.0
820.0
820.0
820.0
820.0
820.0
820.0
820.0
820.0
820.0
820.0
820.0
820.0
820.0
820.0
820.0
820.0
820.0
820.0
820.0
820.0
820.0
820.0
820.0
820.0
820.0
820.0
820.0
820.0
820.0
820.0
820.0
820.0
819.7
818.2
816.0
812.5
811.0
807.7
804.0
794.0
781.0
751.0
732.7
709.2
680.0
665.0
630.7
611.5
598.5
575.7
550.9
522.3
493.2
479.7
458.2
436.0
417.7
389.7
371.0
343.5
328.0
303.5
284.1
263.6
216.2
200.7
185.2
154.0
135.0
116.7
77.0
59.5
44.0
12.6
0.0
745.1
