1155.1
1133.1
1111.3
1089.6
1067.8
1046.5
1024.9
1004.1
981.4
959.7
938.2
916.0
893.9
872.3
850.3
828.6
806.3
784.6
762.6
740.5
718.2
695.5
673.4
651.4
629.4
607.6
584.9
562.9
540.1
518.2
496.6
474.9
453.2
430.9
409.3
387.4
365.0
342.9
321.3
300.3
278.5
257.2
235.4
213.3
191.1
168.5
146.6
124.7
102.6
80.4
66.9
74.5
72.4
79.1
69.6
68.3
66.4
72.7
68.2
74.1
63.2
65.9
68.7
62.2
72.5
69.2
64.8
70.2
73.4
68.4
72.1
67.5
69.9
69.1
65.2
68.3
65.2
71.7
65.9
71.2
70.3
64.9
74.0
68.9
64.4
76.8
69.9
63.4
70.0
67.1
62.5
75.5
68.1
1667.9
