820.0
820.0
820.0
820.0
820.0
820.0
820.0
820.0
820.0
820.0
820.0
820.0
820.0
820.0
820.0
820.0
820.0
820.0
820.0
820.0
820.0
820.0
820.0
820.0
820.0
820.0
820.0
820.0
820.0
820.0
820.0
820.0
820.0
820.0
820.0
820.0
820.0
820.0
820.0
820.0
820.0
820.0
820.0
820.0
820.0
820.0
820.0
820.0
820.0
820.0
820.0
820.0
820.0
819.7
819.2
819.0
818.5
818.5
818.5
818.2
817.2
816.2
814.0
813.0
810.5
809.2
805.0
802.2
796.5
789.5
779.7
770.7
760.7
736.7
721.5
703.7
683.2
657.5
640.7
616.5
586.0
565.2
545.2
523.7
504.7
482.2
458.0
436.0
410.2
394.2
368.5
349.0
329.2
310.7
288.0
265.7
243.2
220.2
194.5
181.2
163.7
145.5
119.7
98.7
75.5
58.5
44.2
21.7
6.7
426.5
426.5
426.5
426.5
426.5
426.5
426.5
426.5
426.5
426.5
426.5
426.5
426.5
426.5
426.5
426.5
426.5
426.5
426.5
426.5
426.5
426.5
426.5
426.5
426.5
426.5
426.5
426.5
426.5
426.5
426.5
426.5
426.5
426.5
426.5
426.5
426.5
426.5
414.0
406.0
387.3
356.9
353.5
338.2
313.0
301.7
277.0
249.2
229.2
207.7
184.5
157.6
132.3
110.5
110.5
90.6
70.6
47.5
25.8
0.9
