1186.1
1164.1
1142.6
1121.9
1100.4
1080.1
1059.0
1037.1
1017.3
996.9
978.9
963.5
949.8
930.3
908.8
887.1
866.4
845.0
823.5
801.5
780.7
758.6
735.4
712.3
690.4
668.5
646.4
624.4
601.8
579.7
557.8
535.6
512.4
491.9
469.2
449.0
427.0
405.2
382.2
360.5
338.4
316.3
293.8
271.4
249.5
227.8
206.9
185.6
164.7
141.7
119.6
97.6
75.4
63.8
75.1
73.3
118.6
97.3
74.9
68.1
80.6
72.8
74.8
68.9
74.8
65.7
76.0
71.2
74.6
80.2
82.5
78.4
69.3
76.3
71.8
72.3
69.0
72.5
65.4
69.9
72.5
72.4
71.8
67.2
68.3
68.8
67.9
70.0
74.5
68.1
72.9
70.9
69.2
69.2
71.9
76.2
79.0
80.9
81.9
73.4
66.5
62.9
69.9
70.1
72.7
70.3
65.3
72.9
69.9
795.8
775.4
755.7
736.5
717.5
697.3
677.4
657.1
638.1
617.8
598.5
578.6
559.2
540.1
520.0
500.6
481.2
462.7
446.0
430.4
413.4
395.6
376.0
356.5
336.5
317.5
295.6
275.6
256.2
235.8
216.4
197.0
176.9
157.4
137.5
118.4
98.2
78.9
76.4
71.7
71.0
78.8
61.8
62.6
69.4
63.0
65.1
68.5
72.4
74.0
74.3
77.4
79.2
82.6
62.8
63.1
64.8
67.1
69.8
75.7
